<attr>
VERSION:0
GROUP:[0]
<end>
<pos>
<end>
<program>

R[0]=-0.000001
R[1]=0
R[2]=0.000001
R[3]=999.999999
R[4]=-999.999999
R[5]=97
R[6]=999
R[7]=-99
R[8]=100000000
R[9]=-100000000
<end>